SetDesc: 'JAMFF16 fragmentation functions of gluons and charge-conjugation-even quarks into K+ mesons (identical to K- by charge conjugation). Returns x*FF(x). Flavors 1-5: q+ == q+qbar with q=d,u,s,c,b; Flavor 21: gluon. mem=0 => average of posteriors; mem=1-200 => FF posteriors.'
SetIndex: 16004
Authors: '[JAM collaboration] Sato N, Ethier J J, Melnitchouk W, Hirai M, Kumano S, Accardi A'
Reference: 'arXiv:1609.00899 - e-mail accardi@jlab.org / sato@jlab.org'
Format: lhagrid1
DataVersion: -1
Particle: 321
Flavors: [1, 2, 3, 4, 5, 21]
OrderQCD: 1
ForcePositive: 0
FlavorScheme: variable
NumFlavors: 5
NumMembers: 201
ErrorType: replicas
ErrorConfLevel: 68.300000
XMin: 5.000000e-02
XMax: 1.000000e+00
QMin: 1.000000e+00
QMax: 1.000000e+05
MZ: 91.187000
MUp: 0.000000
MDown: 0.000000
MStrange: 0.000000
MCharm: 1.430000
MBottom: 4.300000
MTop: 172.900000
AlphaS_MZ: 0.118000
AlphaS_OrderQCD: 1.000000
AlphaS_Type: ipol
AlphaS_Qs: [1.0, 1.4873521072935114, 2.2122162910704493, 3.2903445623126686, 4.893900918477494, 7.278953843983151, 10.826367338740546, 16.102620275609393, 23.95026619987486, 35.62247890262444, 52.983169062837106, 78.80462815669912, 117.21022975334806, 174.3328822199989, 259.2943797404667, 385.6620421163472, 573.6152510448682, 853.1678524172814, 1268.9610031679235, 1887.3918221350975, 2807.2162039411787, 4175.318936560405, 6210.169418915616, 9236.708571873865, 13738.237958832637, 20433.59717856944, 30391.95382313201, 45203.536563602494, 67233.57536499335, 100000.0]
AlphaS_Vals: [0.44929401107997652, 0.34320374745887644, 0.28403528423688262, 0.2430162967056432, 0.21358783234887585, 0.1920976544373961, 0.17465136002292292, 0.16018936462789884, 0.14799578486414977, 0.13756871432564208, 0.12854537347396774, 0.12065675390012648, 0.11369899205664087, 0.10752643571935257, 0.10250049692233425, 0.097929425653582397, 0.093753668257513662, 0.089923686917757678, 0.086397930990931376, 0.083141283649928635, 0.08012385850005499, 0.077320057301338327, 0.074707824863029335, 0.072268054494419642, 0.069984109601940722, 0.067841435741682485, 0.065827243742913363, 0.063930249132475095, 0.062140456502535808, 0.06044898001346212]
AlphaS_Lambda4: 0.350545
AlphaS_Lambda5: 0.221716
